1000000 2000
66056 949035 394925256
256599 957695 391455053
114439 266398 23007774
162873 698754 199598967
260736 950582 440457515
741748 849334 505033395
456271 933338 905457648
48259 406773 444937934
761476 942716 843844082
93670 958655 615760188
293733 517948 180595145
923813 963882 122908096
78729 475339 271852596
309509 996930 893580327
108301 913393 644498080
9822 732529 104132923
625827 866557 949451148
234760 589853 210098588
564133 659283 900776025
313883 949988 196218979
172728 547611 155783788
407248 644925 405020428
19004 296855 26769592
266409 317550 770605122
233181 459342 623828716
11878 298473 134866072
210188 800440 751654412
467844 739712 92098428
666310 928096 58972659
399749 970497 264529400
222133 525352 764846016
75634 449319 136780606
701053 737797 268467664
239478 713525 712966567
77364 308278 600147608
178847 356672 775418717
552256 586270 360810504
149548 765910 103695080
444565 807900 704884549
63686 740939 716829942
48508 346048 897106114
95418 762241 741057674
5760 157548 10023085
274081 487049 597419509
560963 866399 496662934
38688 662348 159566177
487464 491951 571423495
283554 384227 847492962
456223 903719 375803733
631070 661151 641418356
431897 674112 960114126
551638 893430 665017158
315124 815861 212859810
173087 859090 199124361
99222 765396 278174584
763391 899512 588585264
405877 607033 145551986
545319 571735 253475532
62494 145407 664280581
49614 858522 639195228
344609 365254 526478131
55153 368605 599969604
314761 637306 667532321
222828 831646 347224689
632861 946707 314376094
372300 518159 285004921
140328 569319 556710576
54119 787219 225192327
495867 886578 102376639
406232 706639 830936057
737 766248 456601842
493836 573665 828478750
396791 672647 44069713
126086 678205 584750857
775387 921053 183049331
598613 798328 938873655
773108 939100 544335513
379276 480295 718193396
82485 578036 290489382
301286 872739 168574363
497593 930667 908529411
830910 836597 456580090
373042 890623 139024890
485898 699653 121367412
240936 891114 14242287
866166 971960 278732418
42143 697540 287965684
163503 767540 633123963
286601 621461 285952526
491180 738409 915800524
371361 537990 524052540
180613 875496 195418822
84457 676222 944477173
726470 907705 225570218
453203 799849 73454409
138341 422969 589181379
110525 703952 711869945
11757 259143 175199289
334090 880609 163127634
275406 549996 209448280
152215 170628 881861854
223225 947908 328292476
365440 597315 710501380
295739 818824 781708847
315674 334256 789834622
62396 363655 314337063
559670 863633 483120466
34458 696772 380655001
203931 526233 112217620
348854 994887 846522037
32292 400816 534460958
555842 735029 755490049
343709 576625 505294115
745162 825654 772900594
878680 885128 814786657
677502 930162 943469052
385365 818214 970435760
715736 848791 686363279
473857 726328 117757063
19294 501207 421675574
216075 248462 370553189
786533 863980 894922276
247248 599227 759832079
34345 718688 787029823
809043 814508 37979214
710220 818092 149329695
273770 565869 848730685
168749 963489 176673455
183501 876087 685080104
8702 848098 81985260
637733 842502 557330610
83619 529088 577191607
14701 402348 98595364
682914 919865 78275367
183637 351021 99526113
39748 183406 901228276
16108 648385 655765268
935339 968428 745524308
47327 572945 284973038
193880 987894 603031662
209843 399151 590525274
396612 677847 876185589
229700 725425 285420542
307873 460788 803390493
50735 646004 590856271
770456 985112 612468489
77148 692681 143752993
199714 783852 992593137
426220 669306 907163003
510674 811807 481760790
208468 292219 26807589
495564 710023 283763000
487751 505791 954408509
223341 953707 314323214
187597 615808 708235474
852375 917694 289334547
154669 802490 62214691
116733 672505 295212727
425991 459279 199436595
251627 597933 727305968
417893 969023 214750758
168570 803660 99404796
555171 776583 935981752
282706 307094 479321441
658060 853807 738973615
168045 829430 12117157
284358 573846 751612582
617829 657139 708184077
419547 619715 91735281
36286 731595 284031867
84327 889818 254163330
227103 254318 535813813
99573 812148 19027417
75792 608831 362522408
353353 847575 519784349
14445 582894 262925573
556240 629849 257946247
187320 313575 677781607
351195 975694 760754646
384114 506567 548855021
7670 44989 518885595
222767 651950 392887268
225159 430958 599488878
203160 729858 355896113
675527 993090 498053346
264476 389091 809563499
188400 836653 605269449
175356 828810 406436143
26086 897007 576243480
251410 576382 903123810
593006 775060 428034329
470173 601162 30803829
701403 843637 624807900
126898 357736 583487129
353080 663437 899991569
194230 902051 638047492
179729 586604 86718469
318167 951192 547460804
178860 943586 869632294
112450 625865 325759899
648777 816644 179548285
428101 696366 136851546
522918 927862 74365820
467250 545454 563072749
61503 184756 478917709
21783 165374 822276439
124036 506445 702777268
396654 938196 664805944
816406 823869 274838823
526587 880574 422301356
161172 731188 75538646
299049 310254 708958753
403939 967072 924978675
763141 974189 671312355
563682 712479 41149850
523646 766436 256664305
68544 921804 13486794
47356 606005 501828779
622983 878448 252122924
514743 879960 604232616
47289 862013 996330520
306078 652065 814266000
487535 885708 751249355
617844 769959 198301385
743305 897298 149847136
31465 374515 684174719
292760 623657 57432470
18175 812031 604783572
113816 408815 125182484
573710 676066 431805491
456836 889197 87111897
320747 901128 926900092
674982 911618 406400764
36112 226884 880727951
298585 505415 303959776
150059 815186 862700324
351982 591518 503933485
567949 891087 587200110
546801 843839 235257827
243250 391547 192262299
689084 913825 209642228
313124 319444 728646974
111190 576552 842177255
222948 356484 462897110
277774 396773 256648001
176705 512760 513446292
300824 593630 963757590
221729 262483 84547651
888888 927873 998110254
499912 773946 57289092
283435 691643 668367303
214139 537801 122287381
185972 671086 985461013
575313 703996 573506386
20524 129035 235034639
41037 290175 494314006
330553 370096 331078639
90724 721812 649620751
228505 426602 692096011
125095 391572 424235502
611278 730537 802605792
531305 784889 73048191
63636 794530 858971908
134361 505619 326788481
527986 725511 889633232
241960 390252 92693627
849514 886836 598713374
169360 503797 403850289
726211 969831 192711734
18747 985634 111198980
430192 545992 794399228
561226 844777 92718220
235635 770901 597729817
161987 246507 226538759
196192 635343 864476826
4291 193827 365212160
759988 838254 184642262
275582 599403 504736228
226741 825523 441918021
58678 398756 561474050
775784 880337 78001736
704170 747773 959627655
532390 966760 880734910
619351 796916 6324186
494964 687527 640329063
372175 868455 973168191
539374 721921 776004475
258760 827500 147380248
830789 926557 270409579
289663 735704 618035611
372146 650801 176957196
36256 281650 470723312
148538 887570 492022239
471901 904850 227066487
484478 963073 218902897
104439 178319 588055002
453348 864408 358286324
468750 859383 336757414
52837 785470 517024224
821217 930622 873380263
242727 689219 231056385
146115 262700 247205516
458709 829367 405876572
169606 223638 980884977
481146 634525 250019391
343023 548938 295686522
748239 928478 726350413
425256 682355 282355870
182051 259750 512763052
250787 840200 228813108
217916 953700 66352963
215632 618642 229174650
221778 996011 816957699
348952 971698 645730531
182179 694802 229709921
377402 987604 224857748
86739 236532 709814560
2145 221338 72977566
6864 147030 817470419
2951 948701 964064443
734443 989168 207921851
177064 215907 5722056
862504 914533 418893195
20845 552928 121244370
478729 956780 399287556
80620 500177 730454422
52646 882348 194446488
287906 753462 14254603
518999 732362 215771399
471613 993376 208767598
47310 411705 218827942
237255 852894 359783879
5115 437809 478894750
223988 462870 125099906
65894 805965 683603703
588571 742609 45364165
66410 673691 506687351
87016 896055 120602070
446538 769618 235705446
193668 658065 483545277
789951 921157 390891847
210126 609141 505618299
625836 902417 719525054
39504 642812 495061181
251560 828659 419478605
69347 481941 687568479
330651 930429 989752509
170408 319686 405202159
324689 702081 151255019
83276 98226 790717757
124079 244142 347050052
434038 995350 541712719
595839 734209 456752773
177986 686154 116773310
325840 634187 423598764
11627 835457 67396484
700272 701124 964596410
548137 863017 727636556
493793 619544 601471230
508046 985690 284452274
354364 804191 542560266
915426 928808 398669772
148012 256211 394620874
335139 877766 886101794
152666 230816 244274597
844569 872980 685499053
690455 981604 489231910
83859 397103 383003928
575942 826122 381125082
501557 619414 814493787
748519 940242 87793607
172301 823623 881963205
397032 574214 718761090
24929 863616 579246127
672776 823358 365132850
78495 317322 710350852
483362 620814 774975300
4087 915973 817591273
270505 795221 407088151
102686 159557 339483779
17545 528598 754653493
580128 937525 586620152
58516 798309 329043373
298767 362312 447536309
956675 966738 826839037
411083 909986 573744826
17872 747627 258620202
136052 670775 880743135
24270 39519 744432078
270203 377081 553117378
414657 474876 294345864
7385 379278 335017408
92649 824593 885833182
280187 778513 258806054
121051 381308 322047417
327439 949235 47411889
885235 990753 859421821
141686 833344 355059220
80864 346771 392546096
540609 873911 913255086
528106 842189 681435073
775926 887437 884109447
153191 587461 949290102
85394 491822 318434402
239359 687912 467440300
289467 999815 15000969
558696 712080 75035097
279451 697021 491845553
641532 693696 272971447
298414 939287 660613842
942472 950683 552039922
936325 972579 752080579
577371 605382 233614229
174249 437938 361773562
98122 498931 799841434
145432 540988 902326880
81050 887619 57303708
315215 377546 828529104
145168 838220 248655752
82231 189590 245904609
213904 611138 289046919
288677 549351 134710870
715334 766395 303033755
422444 715360 684085267
120758 781387 537830952
598899 713262 780519492
152709 692005 496100048
51668 370645 217364304
564927 603311 635467637
134359 723511 791156740
387782 503425 523151048
826800 987710 960344744
72727 809446 949580291
665131 774593 430098132
172260 599294 658606262
373219 596159 194456895
124959 290699 546269484
468137 497586 929522298
240494 749805 162236076
71683 685367 984424133
42884 499244 580975441
211935 511878 34661705
160935 793678 293957773
577487 640535 789452874
26874 830940 378115200
66002 771352 879408527
230092 558759 968767797
432813 441011 9399654
35289 244888 890196059
237906 593629 586306541
1045 798109 124079402
165888 965157 731709277
87417 849123 960324305
212285 623945 802481267
713212 900500 484423560
637198 756817 470711847
551408 683803 469141990
282828 512925 455274433
15657 58233 610070995
266990 571576 176646327
144466 567306 555772063
707652 779378 639490866
665374 865784 860986225
216880 646406 683935332
919085 934814 17807469
166287 540512 719600723
488071 524977 398091507
42222 419485 554102411
117165 515282 488119454
668805 949500 107654838
121639 277547 820426352
479479 783678 644978756
192848 246710 933834404
91444 844933 771414017
609726 905002 466923423
363744 785207 578111088
437467 849370 517720872
46600 890471 778919113
724982 778555 525083815
1670 590487 264096422
151372 996569 916283221
524768 753332 939332318
135407 863509 455334576
372829 919578 347663731
680044 785767 396627507
626678 809759 137220478
87179 331958 151537790
231339 910009 100130015
231169 589934 230947213
5124 41508 754497475
119895 245040 602361207
669738 693562 94874636
855131 856395 380233534
527592 921698 228337081
64639 122777 929792482
104704 170058 366556292
151878 382292 915222848
387864 914491 258528788
112559 241364 765230498
163398 816154 293599630
708386 822002 130283089
252934 700838 674537772
116029 745303 986482118
301753 771547 953364351
559588 756987 410260216
787232 923201 166699755
170338 419877 126464058
659216 864391 853245826
732032 839275 330548890
343833 557180 452198236
38978 329645 692996818
86634 819207 99695935
98054 421940 811704477
255255 424755 988675613
80539 380075 380330637
630877 961859 354902779
189358 848269 454131192
598531 645816 743520594
167136 843995 162786109
277038 861563 520902170
343989 401471 558848991
534284 972109 732569103
260368 670354 740381884
310565 825147 365292443
354996 915083 995122209
137789 484317 578676899
472916 877417 101155211
495564 975647 367821425
731114 998068 393161918
919499 949477 975211817
821017 936910 560376937
290803 911266 23284511
429827 845791 108430002
647762 701491 960523352
537705 614521 364211207
88839 243536 730732848
29348 748399 359677438
584110 804123 984146344
368343 419747 905906260
191028 536217 240995335
310892 339408 750854710
373655 765171 4129986
64193 804916 3816997
707962 971838 638526451
470247 825154 175925167
140632 361126 957859555
3611 909229 487577933
201078 662430 890151205
352801 615535 16894655
576231 871056 542923056
117379 238800 309573458
308355 867435 390599655
209669 849351 164049836
283924 360082 179342492
726916 776561 321385303
113863 721151 978968421
279116 808222 7217556
187418 948047 626988540
676979 753418 109813469
149636 860704 20853839
228685 987236 193137622
460894 854460 469162767
328953 602813 516799305
785326 930964 511774386
643529 793810 625305054
308236 935514 424517152
568766 894384 238938302
37927 768010 591940250
169332 535706 51381707
114018 682585 631376235
280787 348966 699715140
143196 372846 55238329
266022 986205 922101243
392198 852223 511050085
22896 462170 348151881
154237 495444 543888352
1684 445182 741464895
291938 685297 255252298
781916 949310 460675496
601198 925189 685127898
417782 646369 488794964
504540 885424 581998081
650614 812060 270683106
322031 570067 669491311
502416 716544 502185397
575758 727889 745113752
40263 243789 15094559
507494 680902 668835304
595490 889912 57027532
361281 444463 423536794
385008 594563 340833467
236974 434442 745829919
22256 576747 518356339
683384 766154 503623266
273206 431617 123151390
71974 182881 575394240
54028 753067 373551976
357410 715562 884926115
670034 910288 965466644
819960 995512 909049457
367597 524971 289333261
847147 975504 937023073
265443 328658 282101887
705634 756356 999011075
226758 477635 356878402
234289 511472 249284669
545684 817938 412609460
481634 691396 307253139
49985 879002 27598494
455908 566941 524153773
202296 780364 581234316
241184 609307 315787522
214291 426059 456112871
186129 743316 917437845
293293 996712 348394224
374541 488805 879774435
158563 528048 675999594
274276 716182 177573973
43338 496440 676200463
797162 982081 96502802
872751 909425 698502557
757949 975993 503337634
417777 617451 236451316
41091 297182 808229176
359556 793172 74622015
188341 495172 694684517
675444 958859 390196756
147825 927860 408377961
64182 848155 928019716
112867 403661 197845997
232210 639588 628897442
276704 359611 870565251
218936 535345 20719222
845057 956765 871353803
486957 643324 861380758
867771 923011 914720151
1269 102952 854996316
23222 981516 121717575
706307 761601 944890850
290125 909794 911810901
14117 575318 504583644
38606 401504 64971404
179332 433562 82851856
204057 276237 652996700
113803 673966 718679776
504501 518843 440902809
546998 980384 141171124
13300 300709 111598503
342850 658072 208988676
507180 653305 515103220
925675 928811 625550305
108909 269739 942647728
366771 604718 85453011
688439 796410 489448447
831869 898896 725032054
202000 307551 909418884
187464 403038 257099577
503989 743128 929410174
562019 770640 713408030
392986 695756 743432708
672152 855983 780257708
278383 567749 347425635
27447 565057 844063652
152073 776033 899783145
355450 750588 291945075
181432 651723 401813193
140851 386567 350520461
104143 299570 465840929
258004 421687 185683300
338269 696141 707720318
229240 973786 908962160
342021 940427 16286817
264120 709191 620512829
174554 377607 742493679
65356 627006 35390296
148539 357317 992539540
118918 637466 380587085
6419 311595 554905573
392913 556413 568009801
309745 314417 856696003
161743 331307 226788428
136344 546793 178287779
13430 990821 810161228
275659 942532 917311611
8961 781301 966296846
234215 608027 477136315
430451 900688 273148119
58676 193144 219351443
327134 917645 967366327
354057 949109 384013688
394774 448278 954374667
215865 763817 843246958
515706 929012 80213401
366496 857103 135108747
182379 361807 176385164
463276 530295 997458661
588609 784886 322198374
90874 883967 409057782
583548 968599 272631231
7437 809211 629147489
210922 636765 64321437
426148 827382 547757976
17484 962937 793095948
92322 123050 305202665
396923 573349 534191763
10766 138040 696868192
42967 863858 387350390
765448 969908 164222592
61816 357404 510807814
180269 545317 247265508
508269 570616 119801795
451066 646182 729731050
70788 756231 534425599
500339 628628 512810932
204363 465559 692563933
16996 693951 310618031
445509 874867 957833127
575764 964471 945352344
241014 241798 871316539
364333 900099 469977711
36951 417621 837214596
545831 552435 584053266
185401 945858 927167051
67253 804461 254534676
162443 414340 363519227
765545 874540 299889019
44820 471659 663452959
200190 670451 734760433
289433 994853 543797560
174450 209269 405167278
170689 858415 391898546
64448 591678 82718473
658533 675597 913124679
108511 831595 748093570
70406 383451 378256448
413321 703299 550131614
367258 581834 475468833
428441 571428 319512622
806525 836761 747169193
102455 256399 557581474
10952 40256 736588189
522000 946047 896563598
97995 862637 822662066
198944 280801 107012680
363148 386765 213224764
816739 915360 600045560
356504 586134 581532241
592617 993666 842011174
286987 929699 742248280
72386 257924 754916648
335550 573143 402134216
68255 355544 820643422
11506 861452 124359103
481693 840663 315325742
301033 727470 168314518
184664 368457 65292193
106288 891166 20021576
147124 745951 670264126
46590 976050 418335083
592302 894578 659059212
154316 790251 840071569
67746 945252 625800949
31222 704879 294893031
392582 903855 955287594
475687 874812 745471610
266197 266207 291583972
561243 673697 102323812
676957 966099 366757772
188426 734896 827191994
379494 731871 21665200
116929 402309 269149879
327378 465300 50412115
475255 659725 355780889
542514 663578 153442041
713707 770400 987311358
64734 671438 871139045
709843 924793 780393362
126752 220881 31059037
477360 556736 824152140
332851 473314 756825825
798609 973009 651727167
273228 990274 786925641
10387 686138 547433603
695060 790953 606472269
131184 935804 897664603
906557 948882 252391551
379447 670162 516988473
807078 956053 669651235
241272 275558 896048006
238091 908565 850018299
1941 226260 326873782
598956 743905 690569315
497172 501715 723433511
200386 378597 661050611
229734 323706 918890411
173922 190949 89697274
133395 607854 570802308
93868 571761 662689261
239838 842557 165930800
31956 982076 714715775
448047 890878 101822071
468800 697416 789011948
279599 336849 387278472
207096 447167 409385594
179061 528959 291564818
632348 855938 577344553
67351 750761 84609202
104697 806351 300710865
279216 654500 908072994
359118 664185 901348607
519639 524639 465215338
8718 309509 930549398
559229 626291 760933502
129879 894323 854100009
702419 926300 160686730
42803 161417 914806685
371125 383900 210208498
231316 588587 964605248
84527 630107 343350463
418200 801112 814300131
615414 880939 977730305
485930 682457 927527957
520241 944171 869552615
296710 361016 6057371
620883 816412 173028138
103932 230510 178397262
117800 140025 611696842
293061 993267 975218225
691141 936053 288323833
378612 500611 224981179
587199 758118 208090824
248940 946634 278908641
216489 876370 243842372
217247 233159 522562241
10110 45255 87190164
204152 772176 610432746
399598 791578 980594975
164954 661088 300400034
202604 887673 322353886
2513 794790 746404507
443561 639205 141629142
644572 773817 538591991
797967 869778 371942854
354140 894120 887442992
906866 934555 900552822
89135 948013 282951059
486989 888029 163877070
677892 709033 979013784
244387 422246 97030261
744031 907691 361266863
873858 956555 421699179
497438 593955 773686292
380934 400683 236292532
406185 548599 902397517
238490 897458 45457888
93152 230399 754221710
113469 399848 939660406
39403 114485 307800776
582528 961314 734527183
162616 400186 351570754
441562 890276 125747598
10676 937565 480281867
437118 465744 312910710
126867 708202 547329605
46659 339430 80804401
261480 439402 811575372
151235 933556 191847423
342809 507844 630561392
421607 917152 759373604
113899 914911 632641615
39160 218318 497404
107037 884722 515908823
227814 776650 959892869
565177 627409 793281284
272981 441311 405267188
392331 992745 775054134
226997 321048 521911841
229060 922952 248951008
98754 159724 382432180
495187 589070 20412814
351846 720909 522206598
87708 680270 489883760
161937 546833 232393443
484830 564896 211587292
368380 851683 523826051
398567 901498 234862893
29276 225295 924407627
886903 984320 593862546
110730 116208 989258278
724999 751547 8283265
133477 281464 638744369
844268 939481 275562762
271075 761042 185273263
845499 915384 830807553
542661 662101 836218247
71270 310325 860679591
725125 761158 197255624
147570 269893 559793876
96006 736589 464943381
569540 928345 971500122
500626 795286 436938301
224111 431419 203365923
572843 912203 524112114
127492 248264 140455650
49590 309911 183777056
93601 441659 224801231
757645 800406 44937988
26422 128579 963841255
811028 985908 11571709
78951 843475 107678964
342731 810620 191502582
213774 414758 50212794
318551 393870 230681861
632853 737482 159066861
336568 476862 633665740
56800 97980 959981228
2406 376017 294930014
170700 240143 769134096
372047 926563 768864366
413083 473098 445511580
191795 493893 68727580
416434 437644 784760819
835817 948954 895152830
133565 699731 123108267
124792 994120 62923600
792012 885872 549559771
330176 754228 887927699
51591 702934 841069754
570478 812749 172030880
287212 422369 42711149
281349 920773 905467978
441059 785171 243589193
90340 920135 39217758
107847 848905 262163169
64829 242453 302674292
171822 246023 45907779
40692 706211 580035586
142922 219305 658854868
140204 557584 790958758
227658 603685 867166679
526585 612730 548605480
852216 852442 778958616
208950 217641 683733865
795532 819335 871876885
481271 510343 646380763
625765 986763 460481115
538396 640928 324454450
126124 716158 246520002
62044 462676 777850676
227587 246614 300854378
452631 862682 316450127
172052 236175 581262323
212387 713558 390236725
523716 954182 37073691
362174 886877 245159160
708159 708963 661650936
12475 931820 153441646
330478 689263 962756996
486607 542713 810426591
302086 389767 790171999
1108 971028 981362690
366704 382880 932850392
338291 555427 245095612
65119 912207 774375369
14680 70245 686745747
287381 763950 829281904
1361 754517 353081252
116200 234140 295767048
122153 147413 173419089
353694 629339 749568145
411473 770836 822620599
522608 600065 983154278
55712 979295 520172116
152732 312309 370671650
416556 947356 19612510
260234 379067 674582579
255332 276012 722657651
300725 981145 635249256
437091 884909 736888176
235467 685596 244551178
201734 759432 708952080
294283 495528 500734628
470180 951755 492072050
231670 703592 784654760
309110 689053 601784917
699645 982410 286783338
276155 768347 861919542
77682 498837 374007382
26911 789692 110747577
162974 187372 637699535
246267 370116 743827672
275621 552878 950998321
661720 921028 653072960
427312 518878 790053588
182511 572420 23661713
672035 938003 611672561
33465 454682 185263785
409442 450105 467120302
260595 382632 124051740
334945 468617 504591661
389988 764384 307205686
457326 854373 861554397
33489 40828 136174607
320691 650787 778616561
633711 757277 341034946
71866 316326 505262104
88908 350346 117656145
153908 499076 708292833
452436 796162 960674256
276708 892990 292282675
326775 826947 452410882
128891 148482 662928080
328139 482848 115094412
162108 897176 638546050
382678 475498 133991115
406648 816395 652164449
126086 310766 944268810
618790 984600 379709370
386936 890913 610476424
401937 598913 661164104
764120 900881 140499548
823841 843892 993915158
326206 485230 628385824
589019 678107 988187969
188239 390168 191731800
23578 479111 771229261
45789 574302 979766806
150623 308510 582223618
208157 348014 342175842
72702 761546 237978798
52452 883936 926201247
261228 453931 133056084
498047 631607 558837727
80442 140076 331165378
23779 447979 721747630
228622 956081 796360679
187978 907826 867334970
24612 839248 356148242
592371 681398 613497706
495879 558276 615683072
253505 651740 723683298
390408 625656 705083005
61987 936238 927011176
58676 981064 391971044
212392 434226 965346979
284732 648602 702643523
391934 860476 979535000
545816 884724 853720364
213205 370644 859323911
570054 772534 668856841
519559 939771 135727953
488337 943155 826937378
607483 633372 822323281
16665 894095 292384561
129302 869350 926761825
475364 626856 590385378
32796 390802 307639154
697800 910855 103945042
105925 636149 368780227
19764 869963 412450718
491934 845760 163704372
258155 539118 41293023
256244 269237 945889117
41120 138410 651359580
843812 880321 497838906
676466 687151 755422087
895280 926959 586348862
179252 268939 739737139
361218 608705 241970628
31783 307007 382412490
458158 737520 613608404
170906 409873 402160402
128681 611196 590184517
219121 885469 357618751
252392 644497 991676527
30534 656280 853988580
606107 948998 429458492
613359 943005 124483293
576821 826102 312681975
423968 896937 930413142
224461 799323 962230297
563477 680253 303600199
37752 470448 672905832
95679 558471 65270491
41490 165238 676159069
228731 624443 926860081
704939 748061 578170254
387983 425677 358008948
844800 952954 794514751
489126 583771 594084970
89479 704713 714258521
86147 659772 994660655
81020 395389 572139211
618529 688077 560086263
181083 510428 390527385
364189 448121 901514660
448325 597372 952378291
385822 675907 191998535
352243 411341 798783406
604222 610523 835453440
509086 548627 886676973
6201 78821 853757295
351012 505467 955343331
681499 833342 543422635
59985 354721 86409715
18084 206900 915249142
588766 967482 396678440
40801 893001 986398961
641707 703657 28806334
307529 522260 674806061
195878 791168 470497010
178991 736686 69902330
102262 673410 504227555
13177 536771 942654375
766826 946172 764030092
31102 408956 615922335
105589 334159 204441044
636740 883535 21756628
438775 616086 507825182
437115 900279 302543545
824951 828752 197937708
280538 485622 42174547
72926 618036 880993407
16508 344675 104637416
411022 430712 575589969
454025 946829 273975075
222369 232752 672555507
412884 416672 973369591
312343 470366 154427321
297911 448741 562905522
562078 773132 665147702
201685 711820 184424044
665635 744717 281204645
336031 721856 413065927
89082 734929 989484196
99804 472513 206028313
446167 984751 669256596
233851 677910 204363161
412067 629989 412080820
224569 810173 173278182
624186 887748 320124326
318088 454431 571543422
209338 439490 718892342
391166 709308 281194702
500514 992771 896720992
259490 677956 327589731
370562 983886 839830306
2574 948400 313159838
328228 893649 95222136
460785 571696 299752170
520149 772344 855461807
107927 834109 711844788
92942 416842 634651198
417941 660314 263175102
55001 487136 275443533
241080 388062 177395817
307643 370499 734111891
84492 240683 439610864
333448 939349 621611521
6965 424439 126203194
476322 978706 637641605
419141 618823 189158851
425733 884844 666405009
166548 184877 261114025
565945 692939 710247477
461264 576656 947572989
37717 505588 87147365
153143 917827 201197513
565641 687853 279465827
415851 774479 894760098
85978 90234 992402087
508449 941620 681608738
67996 625534 436178033
86285 962329 356235709
122766 510991 203950480
391553 472998 674738099
729364 756793 478085183
674039 969249 918851926
39056 558495 825562803
436445 853500 930970566
9882 909694 110365381
94643 771645 80570864
184491 268712 624325137
28639 951122 393267235
511395 951432 543258034
406836 730912 30376405
92643 997248 296299579
604728 686488 17685913
416195 416675 116728931
73551 469393 383124519
189090 856046 214495908
176592 505208 952447046
245871 739346 28123029
123380 204286 207062026
50413 700725 805670968
84818 162644 17816559
308145 375594 151659456
439198 795187 760857480
304966 634671 323394399
92680 354970 678448203
195162 963842 715098356
172593 241201 762032301
6188 178772 774839965
485042 590811 667489614
2254 873868 888356486
89238 554315 985762905
212015 331857 253551157
98913 697957 161248000
60860 231466 749892347
453639 870537 871626362
153191 629053 384375900
159538 349675 9124149
491964 809213 528131847
43639 906047 156456090
242977 784783 823102846
484170 792934 565329642
545434 872501 750650531
337632 880665 23113030
424898 864930 497205510
9736 553851 111733265
12140 725133 135651005
903214 961759 331850468
283114 652579 714329735
597274 879233 745102421
168377 457632 425810345
97096 855936 913173366
338146 747296 267926516
184563 581138 325103049
120976 291422 272526338
361263 924778 294608120
511919 938114 799476791
31499 416399 180913723
20806 339763 823024561
201057 491253 140354471
851000 993269 948159550
5549 880001 712288243
327802 597303 8993785
215706 584033 262440333
827578 843807 143995463
782238 810548 670337190
59325 921851 727800769
367314 419722 659160569
41233 945626 136877566
76290 244897 516172786
90149 846893 546239093
127573 333563 587868778
115428 376944 411420717
560239 763961 596975802
285615 927887 722408114
537037 572592 203921463
36919 210258 557525218
152688 431929 279205284
412554 431279 625954960
59923 288999 838767959
352407 575411 251511998
492821 493884 368812423
716202 716235 494014452
433605 556127 666810052
258917 499087 157890660
130825 134108 439427202
408590 936753 468640644
207979 932957 866032852
937462 958648 414964530
267034 715019 902284505
87945 961914 55505240
572653 984828 411554120
345464 792794 434003156
353596 820836 856357130
480792 709908 776652673
890716 893771 932842213
121315 281729 297171013
186528 352247 651333309
370128 642455 144427702
385480 534174 556421905
449168 953848 1216360
591730 594213 345659939
611305 686264 514258617
746337 785362 341313944
5425 583157 587753953
223050 612284 727186788
67933 89381 43690537
145720 482123 433289607
605114 775387 735697994
202526 404172 342372845
267127 959985 258619903
399748 877582 371667788
118178 855141 886578707
279411 430993 207507181
374979 418584 496367572
181104 955858 769089760
63580 757844 419405480
296099 417241 466241030
471726 512732 303448244
567927 986617 818826808
207133 609962 483738272
171886 479211 825376508
82695 127843 183408967
216087 757143 104872028
658388 840609 788522049
63539 836184 770741103
649257 936923 594282348
340593 966609 444681644
849886 922968 663885688
364850 792379 928022224
68220 287215 131560608
67752 821031 72277474
246698 723769 895767960
670992 873164 53260916
585681 847494 701052
314534 576633 637711523
676549 677719 408186852
532708 631005 337360034
224545 643354 866540303
39057 248919 629324621
161491 290316 762992912
147867 255387 469928732
772857 973312 837356658
112415 716245 816840899
265931 874974 776093393
380928 541022 493099385
443981 608434 273252669
26175 114660 688301873
519836 535513 656209295
794201 843208 177677076
205738 684713 997779419
266444 509501 582847862
290269 330295 699626572
341223 530773 803776651
800355 961475 564133563
591346 657734 365073749
561267 683524 262426270
373441 595077 640484492
135317 356072 175655275
74692 735552 612354217
179111 813720 929648743
510508 659680 427702167
608530 819062 756430726
193246 250754 50633392
793473 913209 267211884
225820 469477 153185484
124169 928490 877778406
232934 291136 159684411
832297 915251 89636244
357295 910372 374183590
215577 407193 594742677
87273 717053 162111182
140676 874128 450967006
136432 772285 49204193
368022 608644 432769602
211793 579969 681867765
373273 886596 909497355
22470 950523 807061954
522584 734576 946176916
744429 769965 678211148
338066 461767 698158416
382248 786053 35176460
455891 706201 196155388
105101 595349 85144017
702219 987737 156204946
682493 828575 864912821
703458 726915 252328148
407769 984023 23775455
384723 464687 265054235
352697 787681 194468991
104164 215935 396246508
772756 798366 310517919
226396 351046 581968167
397594 755903 873767648
268172 485713 291247822
320252 824354 962785819
650858 906002 840091369
43050 81265 40970846
425883 930298 477744235
674383 917561 401330148
668210 770123 353503913
1687 889167 491184534
688898 929463 189371438
477529 845688 456096636
282945 329322 947555768
378561 922057 715850412
640333 732528 64471482
136824 302269 446694946
134671 354378 61114052
346873 355276 868068031
676663 832774 308834986
180639 627471 87692168
484026 520264 379005472
135456 800064 390788693
773415 805170 428473164
383995 798320 713727857
47323 93416 8241340
761894 941856 277228002
336859 467854 531386277
647309 906809 754496263
333622 430071 582589762
12914 321304 800865617
102307 147262 701850751
858297 859864 438030123
336845 932465 504877070
528855 673683 331653735
18222 970383 336350729
261861 347387 299550358
70880 859827 734807490
31607 843780 159617107
556306 613455 836717206
369993 624510 801833982
452111 808199 792256638
236734 627608 696012808
11878 233552 189025734
425049 570212 9390982
663176 772351 938999772
199733 888588 676925884
82685 418146 71761264
283040 461477 942033482
66059 115655 258527282
303558 542234 244841997
601313 712336 562471539
703044 865484 76743064
390615 539398 733649807
335510 640338 28309102
110525 289616 645830979
259257 725417 180603475
220618 356574 724867584
159792 206364 287308520
525160 730073 990634256
561550 850224 121078418
437486 469644 929993772
944184 968899 712713153
69308 446920 797692019
660336 862257 497972950
777808 943277 747175197
43453 172515 171861244
296203 340642 856398613
77924 321617 946984360
441522 519975 505972054
275164 972971 340324331
86109 689174 829064815
202853 612572 865865628
98316 166341 320717173
278498 933118 189948207
358361 382912 696237905
216516 226895 428556065
540134 686621 352644748
554021 818774 220907801
264680 359562 148027153
424210 983010 527376704
171757 206742 96337475
457368 776148 971161502
330705 668909 574955215
881310 945137 6173892
363085 851145 62144554
666451 695013 963255682
250747 293080 225006351
77416 735030 286349813
267336 987680 135153290
347892 608158 843290679
115306 717839 742131564
726377 793341 106740639
93611 925544 582212729
557987 725077 885810557
658824 853601 741483727
346471 967629 190935975
158764 598230 664549368
184772 732263 131129543
129326 302371 436726729
469689 809988 508812101
60752 836009 982813105
163472 731665 829830911
57804 264043 636707950
572840 955404 769468582
381043 525671 735093281
223816 339196 76205942
544867 641209 299706857
449394 944218 749662185
178742 533068 383042964
490971 611003 597051619
283624 670014 455855663
73401 889069 497235378
121937 902998 495352657
82429 911653 909825338
203360 554229 25389725
803729 895081 206592902
396037 963175 905509971
265122 360521 828479378
209106 891791 611357355
233151 552924 630404094
446788 653041 566833487
39657 285391 289216603
307643 313613 636601863
237858 436199 101878824
580854 633214 558780201
389882 389990 246034435
283661 724273 729338484
176451 214966 527795558
309494 691542 18501495
627377 864296 997277294
669847 885879 569013089
464865 864949 429388218
342992 514572 917969326
581468 736174 496086193
158179 569992 526976215
779668 803632 631908304
269700 819224 501801607
365323 508879 269262700
270338 901066 438074552
39038 348115 975896882
270716 686237 443346942
351980 639325 766351812
532866 715905 168348401
46890 129392 875417596
328066 988100 702192659
233253 606460 56787396
820 887911 529825623
357678 386594 45071657
495476 520556 160968070
299751 963883 194526984
303954 991314 166457011
465459 942073 895231234
52740 930667 806198480
270766 760625 63762778
140308 463560 772334058
37258 626385 520779126
567071 667814 663878864
38219 381288 460204180
446072 884122 328559524
143849 398276 831424777
233116 605384 752021769
138079 973822 742935745
385993 708961 522641320
180514 806962 675792551
240195 250589 617145093
466063 923034 217369916
272738 869092 483297294
640189 732681 296069633
530649 610027 265735338
496002 706253 581336100
566672 654464 786817587
155241 974774 37650063
311742 489739 2228875
29399 917424 651265143
760109 998138 487300282
130699 988087 798023645
843060 980009 961088628
111190 125538 274757209
348128 965195 500434999
443174 455953 528051808
2708 477201 889991482
240290 941306 526049073
275816 888975 84954278
154322 579496 433294803
215142 243340 951668248
642052 832033 972571732
542562 808770 479328270
467712 863194 515992770
455483 620248 528926280
512061 626647 190045865
537216 855789 46565188
474178 552198 914715674
56833 761274 519818901
99112 961252 854883027
263565 713070 825686582
527794 896049 882198401
323089 516096 323143657
527864 647183 900611491
9489 48724 139514010
321058 373999 784807615
376915 997123 649168993
42280 894909 298532959
386730 740964 691141378
36953 70759 585218554
452753 847519 443450458
624446 754643 599629686
92454 690307 559433534
188972 646728 110550889
9352 866903 208606090
145954 425454 542709195
387275 775202 735774836
735012 964129 722196763
205715 818161 221284093
141065 527154 155084595
191058 286137 445336841
75111 737926 799664642
424279 457162 254846384
539885 683693 228604103
225375 350395 187943171
28007 538619 32928166
89927 240776 315510442
148433 261751 683483542
717742 849444 883389728
418732 721254 936481376
163153 378346 951389436
404349 455671 902835027
128978 665215 934241360
408942 688793 1175236
235318 287863 703582426
507171 509638 613733501
534254 667096 790154749
188356 437227 900288294
42625 839575 24385477
761854 888482 357368893
735908 916275 5547082
161539 318366 520539958
277215 821026 894724059
285109 873405 899029098
98687 680986 551983252
314336 860570 26433571
342273 979902 208104338
187001 269657 751635281
146327 189990 725925812
51102 564775 413046016
878450 903361 240495721
492667 576873 952885329
969498 995629 73778607
183043 229957 688612063
249146 719010 793691876
89670 891126 756241335
348306 525239 182055467
781953 997952 546208399
149265 646619 548907232
172039 253912 971549066
226114 794615 256250357
406659 481679 970043306
521815 658534 188318884
318708 599098 891071572
796859 952655 112316920
519493 550647 937854659
255201 957944 100320546
702797 969685 39535837
230991 880498 121408565
427608 694288 846047848
403979 741717 797459419
102230 388429 3842538
237332 432362 842486851
232593 823649 567854779
567923 749208 206531896
45297 290984 985093536
433892 629773 95971902
295969 611053 916837408
824930 871229 523317428
216715 250688 526160953
848635 964247 94206429
195120 342272 576990700
93613 850426 408430327
87131 108475 313315385
95368 134295 22608700
401763 532466 953588979
833004 940007 835200699
136316 260396 797835631
750076 792926 445747954
231002 880623 563498651
215648 480526 986643909
316326 975014 268346220
225652 473649 554087294
197372 629542 194871522
325418 576664 542641712
515685 782657 161673562
338763 894229 423167644
383711 569729 310680838
690961 712320 703850211
296371 592196 402194302
131243 212991 619424397
627950 844932 871483382
326672 779042 159281006
58818 754263 176110612
203463 399502 742634912
559652 640330 934978748
255194 967420 277240757
284075 986394 892238273
140332 910797 831936610
625366 675964 262694119
177278 564497 633456323
151893 498299 984381600
575448 731732 697467825
455986 671159 736642856
2393 139967 279945333
170227 247058 180247832
50632 568046 152667888
41177 768872 624775662
124954 847169 226596839
704601 727187 717152611
39547 650709 153676267
189767 896587 881539868
247609 542655 705164296
64883 758254 827920289
237511 584036 511434388
281682 540598 846427077
612293 893274 740569897
107918 651689 574734565
110027 795625 136100669
8681 26940 651130095
757785 848262 27130865
631612 980316 805276634
105806 582967 950199757
398406 704403 922618072
475084 809793 985749028
324748 531361 457141294
113342 584356 565486520
114894 380170 811326692
387858 976583 542791263
578942 786561 394141924
533974 745440 220669246
469 54035 216621049
257196 800790 952424029
706158 957632 175876166
213888 896228 188871234
176606 817952 298124530
588986 785279 264264006
678960 895340 442583804
85644 377615 733367815
3733 215805 243753563
4025 262486 319245012
556058 652967 170429114
421050 701949 809324063
523959 769128 274164830
407184 504718 626724331
389611 483943 901005714
158631 622456 211252755
244667 989957 1282025
66480 129878 638634241
778086 968391 622853552
483254 584986 253463211
443673 708671 953606425
340170 856632 560921206
18443 116003 755555904
488801 819858 261320454
174243 990100 488155868
696034 815860 893672558
593349 832363 845101609
17819 32501 14068723
317963 426180 586486444
531795 923864 452658710
186471 285875 938972926
20702 796047 963511138
532980 673118 143772953
340085 604014 42627890
455697 755867 170098603
139779 739962 892237714
150479 962226 272357405
650892 729181 991636536
408362 676170 425853743
538669 939538 913989574
486648 974435 192139616
302330 302898 533982818
322348 969398 378195309
142742 524645 163054021
492278 749900 989335377
576804 802474 261952374
578002 843971 286401173
381317 694249 961637415
180302 457290 634983610
612341 947337 119877144
537658 733581 994311034
229784 365650 117366092
152800 850489 453536309
417615 636116 170381184
514043 625834 819484403
109304 979282 158613539
2302 605888 99365700
95568 163902 960666751
280187 627589 105330744
122596 230503 845040441
375012 899000 357057541
258319 986988 409161361
168743 520117 126627848
871970 951986 424004297
207855 808417 160387374
116020 180207 755482859
70998 142154 478008125
476371 945036 6452130
20512 373757 638012624
33645 602195 85463713
12036 619987 30203769
608496 737117 42602903
255725 813324 638846306
410324 940561 459165166
31986 130332 653902443
355486 675362 887713246
511569 800280 99979707
88350 349848 51597968
367033 422630 429975906
237807 350606 613231312
135099 771149 917921245
41165 859934 331999370
199921 393801 470737757
117785 302697 924482084
116637 731830 130437524
18843 444385 814703358
345151 352550 18270719
233365 750300 90626568
662188 985485 531636882
241464 978606 314487440
462719 612627 17917519
25615 639175 805461691
541244 990822 270397938
281561 321904 155565107
416976 682495 208872066
175498 233212 356519220
348190 921161 978244758
615273 998056 892656681
20850 594961 901733799
55681 827295 197746474
415195 800363 958456646
156251 505158 839978113
91022 906565 92655666
324976 477600 453562823
30647 544306 63589165
333324 862706 550870000
809987 881755 428976128
57446 175118 893274195
336243 997355 464662509
125261 430655 618324945
713950 903728 935141429
72652 521541 866366148
197109 260726 177337433
268934 368894 142189775
263864 596185 870590321
70968 524682 967409109
732255 829068 687525470
350864 945541 245693745
625245 768771 357749371
65183 820008 507803024
375316 781304 660367158
421248 474331 763649790
471654 518422 509106030
197224 665598 72598718
373533 512861 541053323
286787 911255 461260745
22684 811561 926387321
296194 497254 698399422
552865 930800 768409074
303882 689448 896295759
131927 508617 440717537
669535 993579 487629336
481823 789533 174936671
6261 106941 599313174
458304 631845 66657827
614927 977332 432679625
481984 704641 713990719
42499 896489 8446885
581416 878063 485110399
543532 961968 868383847
828974 995241 167772838
612811 688607 533671141
631882 703999 519282199
53424 804964 121721274
286325 915744 805300210
38951 327075 664348828
315873 631742 575532862
335730 984808 821897123
182306 612129 89427434
88119 432271 115516146
2519 519855 246001586
111700 306553 177286828
431541 845493 943238257
532987 983046 273333074
651217 913398 677020260
592270 610165 126755231
203147 254342 839111881
330227 820762 227658523
292851 659512 844166450
345876 430506 76478090
199611 444244 615879451
50906 403767 285108853
875720 979772 804043531
628014 895534 193457516
98755 721111 332827153
302200 422333 333590826
144877 590036 1963597
229124 962673 833777150
181758 276405 189628739
13702 18344 452188545
85665 333121 414987575
88743 866761 783435042
509632 657454 600311384
391912 716550 630393303
322712 575134 358807746
99651 645655 231471234
894832 990652 237179246
200999 510576 840469635
74515 481572 970486553
127362 782103 869147686
95481 857377 966069412
294894 351855 809869190
778470 854351 10011928
549393 644747 912700649
733280 752966 873485842
371571 639961 653990682
474970 630750 82106365
123512 958158 23050640
215010 822545 884665769
574518 792246 607171475
812949 875352 382269586
296432 731164 859173129
664324 970857 280240292
548939 867185 245300594
221460 345440 345905035
324479 777297 448033394
702945 966984 841611002
307133 316496 496611886
137323 787042 733864934
136846 943019 472348247
203953 925204 62104731
402841 736444 769394841
2116 530432 456534165
14313 707247 669103787
373751 926031 763565479
736699 836806 778072433
677146 890531 45248573
436633 607535 89301476
496453 765561 568218425
885658 944123 159108683
125309 721306 834011028
623736 807893 663232422
183196 818619 608995636
576511 794048 775180439
952672 991500 995697795
172508 942746 381102050
733047 950236 400624410
265874 955793 246314986
427100 488572 596417854
637280 972804 239991005
201177 644774 57993363
297426 889005 985941284
565859 835093 302295713
100334 653610 918079345
100636 169077 96483164
270069 445134 654863068
93604 593054 553707135
152612 187117 993886832
169516 758485 455431954
380793 587697 135164088
66815 210393 181338873
369005 375334 149274175
694074 717188 63666561
9757 337415 376887138
78807 632714 296625639
482546 786716 165237755
149832 157032 43437901
879200 941555 44226721
14061 686284 492162068
64107 538942 719488825
247397 530510 185065971
33519 167132 443217300
736741 800073 725301632
552882 947209 751059396
83848 591197 255638802
108311 176820 519897942
275940 697262 382799989
290195 437865 223760833
91727 125260 331193035
137113 682721 361273739
653081 657113 155132540
344178 479248 90017738
191822 911675 599194863
745805 853409 986643539
202623 439937 604150480
292379 350359 795352401
509464 788588 905750002
366846 972265 263002000
240316 336689 809532498
75406 961306 908258706
112025 599629 117351405
290097 364028 899800515
247019 595927 604599990
165622 984999 196635326
843853 920704 530134613
396157 850259 235241387
619611 799348 774901503
348525 535841 173256886
455524 684848 286235205
7489 892131 238932051
230517 280486 836269274
690937 741385 146176275
75909 869293 912525950
696452 704350 103339510
190753 622967 524465043
51562 709115 522992486
732868 940533 390057054
341695 574292 276057758
133358 576184 251104085
908505 944095 605248902
613566 703797 239529867
365668 885136 754482803
229767 360367 102468779
383959 526865 774349845
322716 915261 102896030
345089 671562 725557379
648792 746410 633286933
159264 763243 66956517
706195 848875 888821245
557579 560212 165200442
895073 925198 167404076
90785 307278 992655335
825085 863810 737831032
348749 769983 821794127
348910 420524 413668066
251576 615708 426434395
173162 461796 231095408
295303 525547 162095093
850323 971962 544533162
