1000000 200
82329 985704 927471054
606314 809429 174871840
668127 915269 591189255
82521 421387 698027793
134405 770195 167645329
401640 811359 896262951
738038 969245 513596277
464273 818406 652599148
566448 595828 26515349
543688 822221 691167252
848798 855372 204330743
119417 359687 72574995
759506 762495 863512233
247198 387500 991829656
170403 266738 983788716
658134 747514 558934388
364172 594053 142191857
64888 464538 280219790
263923 915754 521430776
39866 274872 213600375
124440 148357 93047540
566015 900023 233722491
14988 493698 410507634
95071 642134 48864116
32751 490841 581745030
521767 551668 293869964
668811 908314 848313912
179516 467581 228168283
390834 548976 783910542
203663 924111 95764301
484634 551145 722629163
98842 649912 263060356
366716 898783 604388363
164437 750067 732525975
148427 269102 951918507
93328 431788 574046986
393988 698475 712254884
227561 606062 131551734
365287 680776 944924095
351047 864880 175180291
449812 569587 811325421
314744 543927 157500212
326235 382839 391999058
318685 622985 184952233
689482 918745 743877083
115788 319155 910413884
276250 455648 959046665
209864 225637 809675157
323584 383510 878572202
284626 591078 418065532
33903 318137 15668966
300255 429209 594850683
833684 921201 725175406
767093 794419 48948363
182048 379791 771002766
527303 538080 687317267
249499 387675 361621322
34511 588630 895398955
216134 239949 343949901
1651 931234 220342708
278929 735158 98213466
549 973934 589081650
169284 260274 618489934
149027 194588 485470787
185239 481832 688554867
27816 910099 845846108
38673 856207 785504196
191255 203403 35126867
56445 283627 445273376
120271 213075 60305879
250901 919551 902449505
504833 515491 31935262
208115 950735 379241674
181922 358020 277805680
68828 238649 54911142
849272 876151 106797999
206845 306036 212132766
498104 962978 75027148
87674 434839 531754748
63087 917490 716922361
49014 143809 47199086
558185 898126 275037093
583022 680406 966341197
656620 959364 819701226
466605 856752 498187383
122428 507699 964754526
180294 980216 434354316
338476 913426 907039118
752797 848174 956572417
69995 827423 427817209
500181 887649 290625086
38113 662320 309006130
230607 510644 340522632
293130 779875 168865956
140457 550225 346671921
31500 392432 106226599
576840 927140 965245474
82871 567001 737195640
282569 805333 135587328
140160 710011 145328631
318465 755599 610411592
156440 538524 71715106
529077 804286 818638433
189182 277092 611784324
200342 624232 887164425
198019 265489 363201443
455742 560368 721297628
250583 850346 142854190
462572 933181 804777425
379752 553430 232779944
90447 173419 800632337
195195 461410 537530326
558455 601933 393785391
274957 863356 227214239
287589 387659 650048075
353462 942769 882529198
17080 850032 607314325
579793 772386 254269369
424032 468119 505016335
75953 467558 223258800
266938 975647 424533853
15763 585859 186645295
429038 811152 738932305
349635 707034 596085759
285411 969417 592386171
494084 562758 862924079
109111 492807 990411961
703399 922249 362671582
401033 625466 510653854
546363 771163 993290511
32514 90897 525980562
8020 170527 887708710
701730 802681 371896062
463403 542310 513730439
143597 500398 310045690
11229 802970 294382390
661884 929948 905361211
642093 974752 966841668
232847 344690 272248459
61863 960393 614729535
264790 675992 657874895
317121 745642 616137034
70106 798890 277391250
691404 704678 861027971
29404 491029 566801421
476682 778652 203001115
52626 614238 598063082
216272 884480 841215382
87930 390422 116145676
559139 937680 663329676
615461 740819 741336810
757167 787412 277520145
397956 855856 183277010
693909 941124 4080373
16992 957206 238544613
44334 151065 945347949
400041 756166 566038123
9237 69248 346155816
16667 459720 380309248
657713 816660 926698372
499992 510967 861209711
89218 614062 950584888
119692 733862 241991999
289282 620826 380696233
19725 358718 673113684
199281 593983 927274034
43597 602671 239357495
159099 170798 181514431
97292 546213 731581736
395181 740501 327691360
39197 897211 740242607
193918 256579 430157066
142871 402930 867988525
287960 924643 417202751
110759 703356 135339343
49524 185342 650519144
422684 673043 260439652
213989 453036 614116433
329194 687341 351867656
516771 679696 543004306
219004 724511 993361414
392071 914301 581629945
640454 763146 164799936
242957 451113 796350759
59286 314712 118953981
467442 822155 48339676
46176 911950 496689665
81063 722139 317816330
67252 444176 825207286
126127 569238 864723670
78290 463176 886159546
68957 324985 200131912
423842 789056 718688592
544889 553710 286377774
430086 485720 971571699
393750 464089 899277703
495163 865187 861751852
303528 633521 604820356
46315 137941 2371305
675546 847049 947894698
